
strategic_region={
	id=102
	name="Idaho"
	provinces={
		54 157 167 419 433 439 535 615 643 892 955 1200 1204 1249 1320 1347 1355 1356 1404 1419 1432 1550 1788 1789 1790 1951 2169 2194 2239 2243 2287 2491 2594 2654 2770 2793 2905 2971 3140 3285 3320 3355 3368 3544 3565 3593 3891 3899 3982 4195 4287 4354 4359 4461 4510 4523 4632 5280 5337 5510 5732 5796 5846 5870 5899 6011 6219 6257 6318 6380 6440 6756 6776 7195 7209 7233 7239 7252 7288 7297 7304 7328 7424 7425 7466 7518 7548 7617 7632 7650 7653 7735 7819 12953 13010 13011 13017 
	}
	weather={
	}
}
