
strategic_region={
	id=105
	name="Nebraska"
	provinces={
		5 64 85 215 432 521 586 656 796 885 912 951 1102 1156 1346 1587 1623 1631 1768 1796 1814 1824 1919 1972 2180 2201 2205 2238 2248 2268 2428 2484 2656 2704 2748 2814 2855 3056 3077 3195 3241 3610 3659 3796 3815 3830 3875 4158 4252 4386 4466 4490 4788 4880 4883 4887 4891 5086 5123 5226 5311 5349 5524 5585 5722 5927 6139 6228 6273 6299 6378 6465 6617 6785 7841 7860 7907 7927 7937 7948 7951 7963 7978 7981 7989 7994 8049 8079 8124 8143 8185 8188 8198 8211 8222 8232 8239 8248 8257 8263 8280 8293 8297 8320 8352 8374 13031 
	}
	weather={
	}
}
