
strategic_region={
	id=119
	name="Baja Sound"
	provinces={
		10480 10523 10525 10531 10548 10551 10561 10587 10632 10660 10670 10674 10685 10693 10697 10774 10831 10837 10856 10911 10947 10957 11006 11035 11038 11065 11066 11118 11137 11168 11174 11186 11193 11210 11265 11280 11326 11348 11429 11446 11490 11499 11508 11531 11562 11625 11630 11638 11645 11665 11680 11726 11736 11746 11752 11766 11797 11879 11904 11905 11929 11938 11943 11986 11991 12031 12057 12070 12071 12112 12128 12133 12146 12153 12155 12167 12182 12184 12191 12194 12216 12248 12279 12291 12322 12333 12342 12361 12375 12459 12642 12645 12647 12652 12656 12661 12665 12666 12672 12679 12700 12716 
	}
	naval_terrain=water_deep_ocean
	weather={
	}
}
