
strategic_region={
	id=124
	name="North Atlantic"
	provinces={
		10483 10494 10496 10502 10530 10532 10541 10546 10571 10579 10597 10620 10628 10657 10662 10668 10681 10696 10721 10748 10754 10787 10806 10818 10853 10906 10908 10923 10978 10982 10986 10989 10990 10991 11033 11036 11108 11165 11201 11230 11234 11250 11260 11268 11281 11300 11312 11318 11320 11334 11372 11448 11480 11485 11494 11570 11635 11647 11664 11700 11712 11722 11787 11806 11832 11838 11869 11940 11948 11950 11977 11983 12003 12012 12079 12085 12095 12106 12132 12185 12205 12245 12260 12308 12320 12334 12338 12376 12397 12401 12402 12419 12493 12504 12529 12533 12535 12542 12545 12550 12551 12554 12559 12571 12578 12579 12582 12583 12584 
	}
	naval_terrain=water_deep_ocean
	weather={
	}
}
