
strategic_region={
	id=133
	name="Bahamas Sea"
	provinces={
		10558 10559 10574 10596 10601 10648 10682 10690 10732 10791 10816 10846 10875 10960 11002 11003 11050 11061 11100 11116 11131 11138 11199 11206 11220 11224 11264 11338 11360 11398 11430 11455 11486 11517 11538 11571 11581 11598 11674 11709 11774 11810 11831 11853 11856 11881 11882 11900 11913 11921 11960 11985 11992 12001 12011 12019 12034 12047 12066 12074 12077 12084 12092 12114 12141 12188 12222 12332 12346 12349 12360 12385 12471 12472 12678 12685 12689 12704 12706 12707 12714 12715 12717 
	}
	naval_terrain=water_shallow_sea
	weather={
	}
}
