
strategic_region={
	id=135
	name="North Pacific"
	provinces={
		10477 10484 10495 10498 10513 10515 10519 10520 10524 10540 10547 10588 10595 10599 10608 10629 10636 10642 10646 10647 10651 10653 10654 10676 10705 10710 10711 10717 10722 10723 10733 10737 10740 10751 10770 10780 10783 10798 10808 10810 10812 10815 10830 10842 10871 10880 10881 10892 10902 10904 10921 10926 10931 10932 10933 10938 10945 10952 10954 10955 10956 10959 10975 10996 10997 11013 11017 11018 11024 11025 11062 11076 11104 11148 11152 11160 11176 11187 11192 11195 11197 11200 11203 11207 11217 11219 11228 11231 11240 11257 11270 11273 11288 11297 11310 11322 11335 11340 11344 11358 11378 11383 11385 11386 11391 11402 11416 11428 11447 11461 11472 11484 11495 11504 11512 11523 11524 11565 11568 11578 11580 11592 11593 11602 11610 11620 11627 11643 11653 11657 11659 11663 11666 11693 11699 11706 11708 11729 11740 11745 11749 11750 11762 11763 11765 11791 11798 11803 11813 11823 11846 11855 11864 11865 11866 11877 11880 11893 11894 11903 11906 11919 11920 11922 11928 11963 11968 11969 11994 11999 12036 12043 12061 12064 12073 12078 12103 12111 12129 12139 12149 12170 12208 12274 12281 12282 12283 12295 12296 12302 12304 12307 12318 12337 12348 12352 12389 12390 12403 12433 12440 12467 12485 12495 12505 12512 12516 12519 12522 12525 12532 12539 12541 12543 12544 12548 12557 12560 12562 12563 12565 12568 12569 12572 12576 12577 12581 12589 12598 
	}
	naval_terrain=water_deep_ocean
	weather={
	}
}
