
strategic_region={
	id=138
	name="Mexican Gulf"
	provinces={
		10482 10572 10625 10626 10637 10638 10650 10656 10664 10695 10712 10726 10735 10747 10760 10822 10836 10965 10966 10980 11008 11047 11056 11110 11178 11241 11285 11290 11291 11294 11311 11319 11321 11363 11364 11365 11375 11380 11406 11414 11420 11442 11443 11463 11507 11557 11572 11573 11606 11607 11655 11661 11670 11682 11714 11716 11721 11725 11732 11751 11759 11769 11775 11776 11789 11794 11827 11836 11875 11886 11926 11941 11949 11959 11970 11984 11997 12050 12087 12142 12143 12163 12201 12209 12258 12265 12303 12312 12339 12354 12365 12366 12372 12415 12454 12460 12468 12692 12693 12701 12702 12711 12712 12713 12721 12722 12728 12749 12750 
	}
	naval_terrain=water_shallow_sea
	weather={
	}
}
