
strategic_region={
	id=139
	name="Mid Pacific"
	provinces={
		10481 10491 10499 10506 10516 10535 10564 10573 10575 10576 10578 10583 10584 10593 10594 10621 10655 10677 10688 10701 10704 10727 10729 10731 10743 10757 10767 10793 10797 10799 10805 10820 10824 10829 10833 10861 10879 10887 10909 10917 10918 10928 10940 10994 11023 11027 11030 11031 11032 11078 11095 11103 11111 11119 11144 11150 11153 11172 11173 11175 11184 11221 11272 11299 11305 11306 11314 11315 11341 11343 11349 11389 11401 11421 11440 11449 11458 11467 11501 11520 11556 11574 11577 11594 11608 11613 11617 11652 11681 11689 11757 11760 11777 11785 11799 11800 11814 11826 11851 11883 11897 11908 11918 11935 11936 11937 11958 11976 12010 12022 12033 12044 12046 12060 12067 12086 12126 12151 12232 12236 12239 12250 12255 12261 12278 12293 12294 12341 12358 12362 12379 12380 12382 12383 12435 12438 12455 12470 12594 12596 12600 12604 12607 12611 12612 12615 12617 12620 12622 12624 12632 12634 12638 
	}
	naval_terrain=water_deep_ocean
	weather={
	}
}
