
strategic_region={
	id=140
	name="South Pacific"
	provinces={
		10478 10486 10488 10492 10512 10518 10526 10529 10533 10554 10557 10565 10605 10606 10611 10617 10618 10630 10640 10652 10659 10661 10672 10673 10698 10734 10749 10762 10766 10777 10784 10788 10792 10804 10819 10828 10834 10835 10847 10848 10859 10860 10866 10869 10878 10882 10890 10894 10895 10901 10916 10919 10937 10946 10962 10969 10976 10979 11001 11005 11016 11019 11021 11029 11040 11041 11049 11052 11055 11058 11064 11084 11087 11088 11090 11098 11105 11117 11120 11123 11125 11132 11133 11154 11162 11180 11183 11191 11198 11202 11205 11211 11213 11214 11247 11279 11283 11286 11296 11298 11328 11330 11333 11337 11353 11354 11357 11371 11377 11384 11403 11413 11417 11425 11426 11432 11437 11456 11479 11535 11542 11544 11545 11548 11597 11614 11623 11637 11642 11669 11673 11678 11702 11717 11724 11742 11772 11779 11786 11805 11815 11862 11867 11878 11930 11933 11945 11951 11952 11954 11956 11962 11964 11975 11987 11990 11993 11996 12006 12009 12014 12016 12020 12055 12063 12069 12090 12097 12098 12099 12110 12117 12120 12123 12161 12168 12178 12206 12210 12224 12228 12244 12259 12276 12301 12309 12323 12329 12340 12364 12391 12392 12410 12411 12412 12414 12428 12439 12441 12449 12479 12488 12491 12494 12497 12498 12637 12646 12649 12650 12653 12660 12669 12687 12688 12691 12694 12697 12705 12708 12709 12710 12719 12726 12727 12732 12736 12737 12741 12742 12748 
	}
	naval_terrain=water_deep_ocean
	weather={
	}
}
