
strategic_region={
	id=141
	name="Mid Atlantic"
	provinces={
		10485 10493 10545 10553 10566 10589 10598 10610 10612 10616 10623 10627 10634 10635 10643 10666 10669 10678 10686 10692 10714 10725 10736 10742 10745 10759 10765 10768 10773 10778 10779 10785 10789 10813 10814 10840 10841 10884 10899 10920 10922 10950 10951 10967 10972 10973 10985 10992 11000 11010 11014 11028 11048 11053 11057 11067 11074 11083 11091 11099 11121 11124 11134 11147 11149 11151 11204 11218 11223 11233 11236 11245 11246 11249 11255 11258 11262 11276 11278 11282 11293 11301 11302 11303 11307 11308 11317 11355 11374 11376 11393 11405 11415 11424 11441 11454 11459 11474 11487 11503 11506 11522 11529 11546 11559 11560 11579 11589 11612 11621 11629 11632 11634 11640 11641 11662 11668 11676 11685 11695 11696 11703 11710 11713 11720 11723 11739 11748 11764 11768 11781 11784 11808 11818 11820 11822 11829 11833 11842 11895 11902 11910 11912 11916 11925 11965 11972 11973 11979 11989 12004 12005 12013 12015 12017 12021 12035 12038 12052 12072 12082 12083 12096 12116 12118 12122 12130 12145 12147 12148 12171 12179 12196 12198 12207 12229 12231 12233 12266 12269 12275 12280 12326 12328 12336 12369 12393 12395 12400 12406 12407 12413 12432 12453 12456 12457 12482 12490 12496 12580 12585 12586 12587 12592 12595 12597 12602 12603 12606 12608 12609 12614 12618 12619 12621 12623 12625 12626 12629 12633 
	}
	naval_terrain=water_deep_ocean
	weather={
	}
}
