
strategic_region={
	id=142
	name="South Atlantic"
	provinces={
		10490 10497 10504 10509 10514 10527 10528 10549 10560 10569 10581 10609 10614 10619 10624 10631 10649 10671 10675 10680 10684 10700 10702 10703 10724 10730 10738 10741 10744 10750 10794 10800 10803 10809 10817 10821 10832 10844 10851 10852 10855 10862 10867 10872 10876 10877 10883 10889 10910 10914 10915 10927 10930 10939 10949 10963 10974 10987 10998 11015 11034 11037 11043 11054 11069 11071 11075 11077 11086 11089 11092 11093 11101 11115 11122 11130 11139 11142 11157 11164 11167 11169 11170 11188 11216 11226 11237 11242 11244 11251 11252 11254 11256 11274 11284 11324 11327 11332 11352 11387 11396 11397 11419 11435 11451 11452 11453 11460 11466 11510 11511 11518 11527 11539 11543 11564 11569 11575 11595 11599 11605 11616 11628 11648 11649 11650 11654 11667 11684 11687 11694 11715 11735 11744 11747 11753 11770 11778 11807 11825 11840 11841 11847 11848 11854 11909 11911 11915 11917 11923 11924 11934 11953 11955 11967 11974 11980 12028 12049 12054 12059 12065 12091 12124 12125 12131 12140 12165 12174 12193 12200 12204 12214 12223 12226 12238 12240 12246 12249 12254 12272 12277 12284 12287 12288 12290 12305 12315 12321 12331 12351 12355 12356 12371 12384 12398 12409 12416 12418 12434 12437 12466 12476 12484 12492 12631 12635 12636 12640 12641 12643 12654 12657 12659 12663 12673 12675 12676 12684 12695 12699 12703 12730 12752 12755 
	}
	naval_terrain=water_deep_ocean
	weather={
	}
}
