
strategic_region={
	id=16
	name="Upstate New York"
	provinces={
		 88 228 263 276 512 733 745 813 852 931 1023 1136 1239 1337 1377 1485 1492 1591 1625 1640 1699 1807 1946 2078 2230 2259 2289 2295 2369 2413 2452 2453 2615 2629 2648 2777 2801 2910 2934 2984 3009 3040 3217 3315 3443 3457 3476 3499 3727 3850 3920 3934 4094 4119 4152 4219 4271 4524 4575 4606 4627 4746 4786 4799 4914 4917 4953 5017 5056 5080 5096 5100 5175 5301 5315 5446 5511 5547 5618 5620 5673 5730 5739 5816 5896 5920 6101 6225 6266 6289 6295 6324 6361 6436 6621 6655 6658 6679 6735 6757 6837 6838 7366 7388 7397 7399 7419 7453 7464 7467 7483 7484 7507 7510 7511 7521 7531 7533 7536 7537 7542 7557 7561 7570 7571 7572 7581 7587 7611 7618 7622 7630 7631 7636 7637 7642 7647 7652 7654 7661 7662 7663 7667 7668 7676 7679 7686 7687 7688 7692 7693 7703 7710 7711 7713 7714 7715 7716 7724 7725 7738 7741 7752 7753 7758 7761 7763 7781 7788 7789 7791 7810 7814 13001 13003 13004 13005 13008 13009 13013 
	}
	weather={
	}
}
