
strategic_region={
	id=65
	name="Sonara"
	provinces={
		57 102 285 343 673 723 774 799 906 950 1060 1130 1173 1226 1250 1265 1341 1386 1390 1452 1514 1627 1779 1792 1816 1937 1949 1983 2003 2129 2139 2200 2528 2914 2955 3038 3125 3152 3159 3374 3765 3888 3985 4100 4112 4165 4208 4210 4227 4437 4453 4521 4522 4823 4856 4858 5227 5254 5465 5521 5597 5652 5902 6017 6060 6070 6134 6522 6539 6589 6708 6743 6769 9382 9387 9416 9467 9473 9517 9555 9561 9584 9604 9607 9666 9695 9703 9731 9755 9765 9769 9790 9794 9813 9837 9854 9869 9890 9909 9911 9913 9920 9928 10400 10405 13069 13076 
	}
	weather={
	}
}
