
strategic_region={
	id=93
	name="Oklahoma"
	provinces={
		266 379 402 415 426 430 685 699 821 838 928 1199 1262 1272 1321 1334 1362 1388 1403 1462 1598 1638 1709 1798 1913 1963 2099 2178 2188 2221 2234 2288 2383 2430 2518 2523 2589 2668 2698 2723 2839 2943 2993 2999 3037 3074 3095 3105 3118 3207 3233 3311 3331 3347 3400 3413 3416 3452 3502 3579 3678 3686 3743 3771 3795 3836 3855 3858 3876 3892 4103 4143 4168 4185 4188 4229 4574 4576 4649 4712 4773 4845 4918 4920 4950 4987 4998 5279 5363 5430 5444 5634 5647 5683 5723 5854 5889 6015 6043 6073 6102 6117 6118 6177 6195 6205 6226 6276 6363 6519 6571 6577 6584 6590 6616 6652 6709 6741 6823 8852 8856 8857 8882 8927 8938 8945 8946 8979 8985 8997 9005 9023 9025 9028 9038 9043 9049 9059 9063 9070 9072 9092 9097 9098 9105 9107 9111 9117 9118 9132 9133 9141 9150 9158 9161 9175 9181 9188 9193 9230 9238 9251 9264 9276 9300 9308 9313 9331 13056 
	}
	weather={
	}
}
