
state={
	id=16
	name="Michigan"
	provinces={
		69 104 126 221 257 442 458 639 644 718 898 966 1009 1051 1171 1179 1182 1201 1227 1354 1590 1653 1718 1801 1813 1915 2001 2002 2028 2068 2122 2305 2326 2345 2631 2641 2646 2674 2718 2775 2780 2974 3019 3058 3075 3149 3236 3342 3412 3415 3425 3548 3575 3654 3655 3692 3748 3760 3782 3916 4030 4197 4247 4399 4529 4540 4571 4593 4739 4817 4872 4925 4951 4960 5007 5063 5064 5071 5097 5110 5137 5174 5216 5272 5273 5339 5412 5462 5534 5558 5615 5627 5708 5769 5772 5871 5886 5908 5942 5977 6003 6036 6051 6182 6188 6243 6341 6350 6537 6605 6639 6770 6809 7364 7378 7382 7411 7423 7432 7437 7444 7452 7458 7461 7463 7473 7486 7505 7525 7532 7541 7562 7579 7580 7593 7597 7609 7610 7626 7644 7648 7658 7659 7674 7678 7682 7683 7699 7705 7709 7712 7718 7719 7722 7729 7736 7737 7740 7756 7757 7765 7768 7774 7785 7797 7798 7799 7808 7813 7818 7822 7827 7829 7831 7846 7847 7849 7853 7856 7867 7868 7872 7877 7881 7887 7888 7889 7891 7897 7911 7916 7918 7926 7932 7934 7939 7941 7942 7960 7962 7966 10376 10378 10381 10384 10387 10391 
	}
	manpower=0
	buildings_max_level_factor=1.000
}
