
state={
	id=17
	name="Ohio"
	provinces={
		35 178 330 646 709 854 1054 1145 1184 1214 1558 1705 1717 1724 1791 1900 1938 1961 1986 2014 2140 2191 2216 2408 2478 2644 2683 2776 3099 3397 3481 3552 3583 3614 3657 3730 3732 3859 3917 4037 4038 4097 4098 4110 4115 4144 4409 4465 4517 4541 4567 4662 4761 4764 4798 4802 4865 4889 4892 4897 5030 5032 5133 5442 5471 5488 5520 5555 5556 5604 5666 5729 5746 5759 5875 5888 5966 6088 6098 6186 6200 6217 6248 6267 6286 6297 6329 6364 6556 6677 6681 6714 6724 6758 6794 7873 7902 7956 7961 7964 7976 7983 7987 7991 7995 8001 8011 8032 8041 8062 8070 8077 8086 8087 8095 8100 8103 8108 8116 8122 8123 8127 8149 8161 8163 8164 8165 8175 8179 8186 8191 8193 8199 8202 8208 8209 8228 8234 8241 8246 8250 8254 8269 8274 8282 8299 8303 8304 8308 8311 8316 8325 8326 8327 8328 8340 8345 8347 8355 8372 8375 8393 8395 8401 8414 8423 8426 8433 8437 8443 8447 8454 8462 8477 
	}
	manpower=0
	buildings_max_level_factor=1.000
}
