
state={
	id=22
	name="Kentucky"
	provinces={
		241 360 450 463 588 606 792 824 882 1006 1123 1124 1218 1440 1465 1491 1548 1606 1660 1862 2055 2185 2335 2352 2474 2485 2488 2835 2926 2961 3024 3123 3200 3215 3350 3555 3646 3675 3825 3907 4006 4088 4116 4139 4151 4279 4410 4425 4750 4785 4789 4816 5039 5113 5126 5141 5151 5186 5213 5233 5253 5256 5298 5325 5404 5564 5607 5626 5736 5760 5814 5826 5865 5909 5937 6039 6149 6168 6183 6249 6323 6535 6554 6674 6693 6700 6703 6720 6752 8453 8498 8503 8515 8530 8534 8540 8549 8558 8562 8568 8571 8580 8581 8582 8583 8593 8608 8609 8628 8629 8647 8649 8650 8653 8655 8656 8659 8660 8663 8671 8673 8674 8681 8700 8704 8708 8711 8715 8717 8722 8726 8731 8734 8735 8738 8743 8744 8751 8757 8767 8775 8777 8778 8779 8784 8787 8791 8800 8803 8809 8812 8878 8885 
	}
	manpower=0
	buildings_max_level_factor=1.000
}
