
state={
	id=224
	name="Coahuila"

	history={
		owner = MEX

	}



	provinces={
		68 411 663 720 787 881 891 913 1150 1154 1194 1240 1263 1449 1498 1573 1746 1857 1892 1966 1973 2272 2435 2455 2481 3087 3198 3243 3284 3335 3487 3524 3553 3580 3752 4071 4099 4190 4370 4434 4538 4546 4553 4625 4657 4954 4989 5019 5075 5101 5117 5166 5287 5332 5712 5799 6053 6417 6594 9806 9825 9846 9862 9863 9888 9895 9937 9953 9992 9995 9999 10006 10009 10016 10017 10021 10022 10032 
	}
	manpower=0
	buildings_max_level_factor=1.000
}
