state={
	id=227
	name="Veracruz"

	history={
		owner = MEX

	}



	provinces={
		19 124 365 462 791 807 1013 1319 1340 1363 1459 1783 1909 1965 2174 2245 2361 2504 2525 2611 2763 2795 2820 2966 3003 3055 3083 3104 3183 3361 3366 3710 3809 3838 3890 3957 3968 4068 4081 4164 4241 4268 4440 4514 4633 4645 4836 4875 4906 4995 5003 5015 5205 5470 5529 5571 5608 5662 5787 6020 6147 6160 6204 6340 6421 6557 6645 6702 10023 10027 10029 10039 10040 10042 10049 10050 10055 10062 10069 10073 10077 10078 10087 10091 10092 10124 10135 10158 10167 10169 10180 10183 10184 10191 10193 10196 10197 10201 10202 10203 10209 10210 10212 10213 10221 10223 10226 10229 
	}
	manpower=0
	buildings_max_level_factor=1.000
}
