
state={
	id=23
	name="Illinois"
	provinces={
		43 229 340 455 582 701 797 810 948 979 1044 1068 1155 1170 1252 1287 1367 1373 1387 1430 1468 1607 1731 1795 1881 2060 2118 2249 2271 2321 2479 2556 2640 2649 2651 2681 2737 2799 2923 2997 3091 3111 3132 3187 3303 3394 3445 3463 3594 3600 3683 3812 3841 3941 3947 3953 3965 3967 4020 4040 4054 4176 4276 4282 4322 4332 4343 4353 4436 4479 4549 4554 4565 4579 4728 4758 4787 4810 4843 5045 5049 5089 5115 5132 5190 5239 5274 5327 5382 5429 5477 5491 5504 5561 5630 5685 5701 5789 5825 5851 5876 5960 5993 5998 6133 6167 6294 6349 6354 6356 6437 6469 6517 6545 6612 6657 6701 7842 7862 7863 7865 7870 7871 7886 7896 7903 7904 7909 7910 7915 7922 7923 7925 7938 7950 7965 7969 7984 8007 8020 8038 8052 8064 8098 8099 8106 8107 8110 8126 8135 8140 8152 8153 8174 8189 8190 8201 8220 8223 8227 8230 8249 8253 8260 8273 8281 8285 8287 8290 8292 8300 8301 8312 8314 8315 8321 8322 8341 8348 8363 8369 8370 8386 8391 8392 8399 8406 8420 8441 8445 8465 8469 8475 8490 8491 8496 8502 8510 8519 8536 8541 8555 8584 8632 8633 8645 8657 8667 8670 8692 8721 8755 
	}
	manpower=0
	buildings_max_level_factor=1.000
}
