
state={
	id=258
	name="Colorado"
	provinces={
		42 106 125 145 196 217 259 294 323 440 451 548 601 622 671 689 690 798 1008 1017 1094 1151 1164 1325 1426 1461 1488 1501 1552 1637 1666 1702 1742 1805 1850 1885 1985 2042 2133 2151 2154 2218 2228 2290 2309 2330 2461 2526 2536 2546 2550 2578 2614 2687 2747 2838 2865 2872 3121 3177 3237 3267 3295 3340 3588 3596 3804 3877 3940 4024 4162 4225 4333 4342 4639 4655 4677 4678 4962 5034 5058 5069 5164 5193 5329 5400 5516 5586 5679 5689 5812 5832 5890 5906 5943 5975 5979 6115 6130 6247 6404 6481 6653 6795 6824 8157 8178 8203 8225 8233 8265 8307 8310 8346 8351 8358 8361 8373 8381 8398 8415 8419 8430 8431 8432 8444 8461 8472 8489 8535 8552 8564 8578 8600 8630 8641 8699 8707 8719 8756 
	}
	manpower=0
	buildings_max_level_factor=1.000
}
