
state={
	id=27
	name="Missouri"
	provinces={
		83 290 302 310 754 1015 1045 1050 1066 1101 1116 1125 1333 1477 1523 1529 1556 1574 1701 1827 2019 2051 2052 2094 2255 2343 2348 2365 2368 2376 2385 2486 2598 2715 2729 2766 2768 2869 2906 2907 2929 3034 3081 3103 3143 3144 3205 3221 3332 3364 3367 3488 3566 3627 3818 3867 3978 4015 4022 4028 4035 4148 4169 4281 4286 4363 4367 4369 4467 4494 4502 4584 4597 4628 4692 4696 4721 4771 4804 4837 4952 5073 5077 5153 5206 5258 5267 5403 5437 5445 5447 5459 5549 5550 5582 5622 5667 5669 5686 5726 5777 5830 5833 5837 5860 5894 5933 5935 6009 6027 6095 6096 6161 6234 6260 6311 6395 6405 6409 6484 6485 6601 6624 6640 6654 6675 6796 6800 6843 8286 8289 8291 8329 8385 8389 8390 8405 8442 8458 8459 8481 8484 8492 8495 8514 8518 8524 8528 8538 8546 8551 8556 8557 8574 8579 8590 8606 8607 8613 8616 8622 8624 8634 8643 8644 8654 8679 8684 8688 8698 8705 8714 8725 8729 8730 8733 8742 8754 8759 8768 8770 8774 8790 8797 8798 8808 8811 8825 8826 8827 8831 8834 8846 8847 8853 8858 8867 8871 8883 8892 8902 8957 
	}
	manpower=0
	buildings_max_level_factor=1.000
}
