
state={
	id=273
	name="Upper Quebec"
impassable = yes

	provinces={
		1 2 4 38 58 70 80 87 94 95 98 127 132 161 175 186 200 206 223 224 240 274 288 313 352 353 354 362 376 395 417 423 437 445 454 480 499 522 541 552 556 561 564 568 574 584 587 596 610 625 632 633 634 654 677 696 711 713 729 742 751 756 763 765 803 822 842 851 856 864 888 889 927 940 943 949 962 995 1020 1029 1037 1039 1041 1055 1070 1072 1076 1096 1153 1158 1159 1160 1167 1172 1177 1203 1206 1212 1224 1237 1257 1267 1282 1283 1284 1293 1297 1299 1306 1308 1338 1349 1358 1361 1364 1365 1379 1383 1402 1406 1411 1414 1441 1454 1471 1524 1527 1555 1560 1571 1589 1602 1612 1632 1656 1662 1672 1674 1685 1698 1704 1710 1733 1737 1747 1749 1766 1767 1786 1809 1866 1869 1878 1888 1896 1897 1902 1908 1929 1945 1957 2018 2032 2046 2048 2065 2073 2076 2086 2088 2171 2179 2197 2222 2226 2251 2296 2299 2311 2316 2320 2324 2356 2404 2421 2433 2442 2447 2465 2495 2515 2551 2572 2596 2711 2717 2724 2735 2752 2759 2796 2805 2810 2842 2844 2862 2880 2890 2917 2931 2947 2969 3049 3076 3094 3124 3158 3181 3192 3211 3216 3239 3248 3304 3307 3309 3327 3344 3380 3428 3458 3459 3465 3501 3517 3530 3624 3631 3644 3676 3685 3689 3701 3758 3759 3762 3774 3873 3930 4023 4057 4065 4102 4122 4130 4159 4161 4173 4183 4187 4245 4255 4264 4269 4317 4319 4326 4329 4347 4428 4454 4456 4476 4558 4573 4577 4616 4651 4654 4705 4710 4745 4755 4762 4781 4846 4885 4928 4959 4992 4997 5050 5074 5134 5135 5184 5261 5294 5313 5328 5350 5358 5362 5383 5394 5395 5399 5407 5574 5595 5670 5716 5743 5750 5785 5804 5807 5867 5898 5954 5956 5965 6016 6026 6271 6351 6396 6513 6526 6551 6573 6791 6798 6802 6854 6855 6856 6857 6858 6862 6869 6871 6872 6875 6881 6882 6885 6887 6890 6891 6896 6897 6899 6902 6908 6909 6912 6913 6914 6916 6917 6921 6924 6935 6940 6941 6948 6953 6954 6960 6966 6977 7005 7012 7033 7043 7047 7048 7050 7065 7067 7074 7088 7090 7103 7138 7148 7150 7151 7155 7183 7193 7226 7254 7256 7272 7290 7294 7322 10233 10234 10235 10237 10239 10242 10246 10271 10276 10289 10332 10337 10354 10365 
	}
	manpower=0
	buildings_max_level_factor=1.000
}
