
state={
	id=35
	name="Louisiana"
	provinces={
		121 239 260 476 560 820 874 921 1269 1413 1417 1512 1748 1758 1845 1914 2089 2220 2393 2396 2446 2534 2575 2702 2761 2783 2800 2822 2867 2908 2967 2991 3086 3278 3437 3466 3482 3492 3541 3635 3693 3966 3979 4101 4105 4156 4157 4214 4260 4366 4426 4589 4608 4650 4751 4763 4814 4881 4937 5001 5162 5203 5224 5295 5454 5463 5546 5609 5676 5763 5767 5853 5976 5995 6008 6040 6068 6069 6105 6106 6185 6399 6470 6504 6564 6593 9441 9462 9466 9477 9491 9493 9494 9497 9498 9519 9523 9525 9551 9562 9570 9586 9598 9599 9620 9625 9628 9634 9641 9649 9660 9664 9679 9685 9686 9688 9701 9702 9705 9707 9713 9715 9717 9719 9720 9721 9728 9730 9740 9741 9746 9754 9767 9768 9771 9774 9795 9796 9800 9802 9807 9823 9827 9858 10407 10412 
	}
	manpower=0
	buildings_max_level_factor=1.000
}
